x=-0.629085  0.209667 -0.536428 -0.562065  -0.73339  0.568678  0.323622 -0.511096  0.429962 -0.107726
f(x)=2.05345e-13
||dfdx||=9.7826e-08
spd(ddfdxx)=1
