Y=34.841 in (12.248, 57.435)
dY/dX[0]=0.97951
dY/dX[1]=35.57
dY/dX[2]=-0.83915
dY/dX[3]=6.953
dY/dX[4]=2.0183
dY/dX[5]=8.3282
dY/dX[6]=34.091
dY/dX[7]=-0.42864
dY/dX[8]=-1.7658
dY/dX[9]=-7.2117
