Y=33.613
dY/dX[0]=0.9842
dY/dX[1]=39.727
dY/dX[2]=-0.88008
dY/dX[3]=5.0903
dY/dX[4]=0.99671
dY/dX[5]=4.1966
dY/dX[6]=17.678
dY/dX[7]=-0.21242
dY/dX[8]=-0.89462
dY/dX[9]=-3.7692
