y = [ -2.79402 -2.79402 ]
dy[0] = [ -2.79402 -5.01252 11.025 11.025 ]
dy[1] = [ -2.79402 -7.80654 11.025 11.025 ]
