x = 0.46604
dx = -0.069277
