ddx/dp[9]dp[9]=0.000986538
ddx/dp[9]dp[10]=0.000416581
ddx/dp[10]dp[9]=0.000416581
ddx/dp[10]dp[10]=0.0011569
