dx/dp[7]=0.0232394
dx/dp[8]=0.0264174
dx/dp[9]=0.0295152
dx/dp[10]=0.0325122
dx/dp[11]=0.0353848
dx/dp[12]=0.038106
