dvdc[0]=0
dvdc[1]=0.12104
dvdc[2]=-0.42161
dvdc[3]=-1.4527
dvdc[4]=-16.87
dvdc[5]=89.635
dvdc[6]=-221.51
dvdc[7]=-7188.9
dvdc[8]=-3002.4
dvdc[9]=0
