f(x) = 0.988748
df = [0.666367 0.6143 0.990059 0.727035 ]
g(x) = 0.294653
dg = [-0.329699 -0.378483 -0.0418596 0.278265 ]
