x=-0.629085  0.209667 -0.536428 -0.562065  -0.73339  0.568678  0.323622 -0.511096  0.429962  -0.10773
f(x)=1.98387e-32
||dfdx||=1.56584e-16
spd(ddfdxx)=1
