y[0]=0.21478
y[1]=0.066898
y[2]=-0.01991
y[3]=-0.46429
y[4]=-0.18278
y[5]=-0.077757
y[6]=-0.38227
y[7]=-0.1233
y[8]=-0.16662
y[9]=-0.27934
y[10]=-0.20109
y[11]=-0.27258
