f(1.47943)=0.5
dx/dp(1.47943)=0.877583
ddx/dpp(1.47943)=-0.479426
dx/dx0(1.47943)=2.57244e-12
